Task A: Jacobi diagonalization with cyclic sweeps
A = 

     0.249      0.111      0.467      0.772      0.658 
     0.111      0.433      0.354      0.944      0.101 
     0.467      0.354      0.642     0.0286      0.248 
     0.772      0.944     0.0286       0.32       0.99 
     0.658      0.101      0.248       0.99      0.682 

Eigenvalue, w = 
     -1.04     -0.274       0.54      0.643       2.45 

Eigenvector, V = 

     0.323     -0.772      0.331     0.0456      0.433 
     0.476     0.0828     -0.773      0.194      0.363 
    -0.222      0.207      0.232      0.886      0.265 
    -0.728     -0.112     -0.258     -0.259      0.569 
     0.299      0.584      0.415      -0.33      0.536 

Check V^T A V = D

     -1.04   1.94e-16   1.73e-11   4.68e-12   1.11e-14 
  1.67e-16     -0.274   2.82e-11  -2.08e-16  -4.16e-17 
  1.73e-11   2.82e-11       0.54  -1.11e-16   6.84e-10 
  4.68e-12  -2.36e-16  -1.53e-16      0.643   4.83e-10 
  1.13e-14   1.11e-16   6.84e-10   4.83e-10       2.45 

Check V D V^T = A

     0.249      0.111      0.467      0.772      0.658 
     0.111      0.433      0.354      0.944      0.101 
     0.467      0.354      0.642     0.0286      0.248 
     0.772      0.944     0.0286       0.32       0.99 
     0.658      0.101      0.248       0.99      0.682 

Check V^T V = I

         1  -5.55e-17  -2.78e-16  -1.39e-17   3.33e-16 
 -5.55e-17          1   5.55e-17   2.78e-17  -5.55e-17 
 -2.78e-16   5.55e-17          1   5.55e-17   2.78e-16 
 -1.39e-17   2.78e-17   5.55e-17          1   8.33e-17 
  3.33e-16  -5.55e-17   2.78e-16   8.33e-17          1 

Check V V^T = I

         1   1.94e-16   1.94e-16   2.22e-16   3.61e-16 
  1.94e-16          1  -6.94e-17  -1.39e-16   8.33e-17 
  1.94e-16  -6.94e-17          1  -2.78e-17   1.11e-16 
  2.22e-16  -1.39e-16  -2.78e-17          1   2.22e-16 
  3.61e-16   8.33e-17   1.11e-16   2.22e-16          1 

Task B: Hydrogen atom, s-wave radial Schrödinger equation on a grid
Using rmax=10, dr=0.3, npoints=32
Lowest hydrogen eigenvalues (ε₀, ε₁, ...):    -0.489     -0.111     0.0963      0.412       0.83       1.34       1.94       2.62       3.38       4.21       5.09       6.02          7       8.01       9.05       10.1       11.2       12.2       13.3       14.3       15.3       16.2       17.1       17.9       18.7       19.4       20.1       20.6       21.1       21.5       21.8         22 
Saved wavefunctions to wavefunctions.txt
